Run semi-empirical minimization
 &qmmm
    qm_theory='AM1', grms_tol=0.0005,
 scfconv=1.d-10, ndiis_attempts=700,   qmcharge=0,
 /
   6     C       -1.5340        0.5930        0.0960 
   6    C1       -0.3100        1.5090       -0.0890 
   6    C2        0.3220        1.3100       -1.4800 
   6    C3        0.7150        1.3940        1.0720 
   6    C4        1.3900        0.0300        1.2440 
   8     O        0.8610       -0.8530        1.9220 
   6    C5        2.7440       -0.1750        0.5510 
   6    C6        3.1700       -1.6430        0.2960 
   6    C7        4.6380       -1.7000       -0.1570 
   6    C8        2.2620       -2.3490       -0.7310 
   1     H       -1.2650       -0.4630        0.0320 
   1    H1       -2.0070        0.7540        1.0660 
   1    H2       -2.2900        0.7820       -0.6670 
   1    H3       -0.6840        2.5360       -0.0620 
   1    H4       -0.3950        1.5280       -2.2730 
   1    H5        1.1750        1.9720       -1.6270 
   1    H6        0.6650        0.2850       -1.6280 
   1    H7        0.2200        1.6340        2.0130 
   1    H8        1.4960        2.1440        0.9470 
   1    H9        2.7430        0.3800       -0.3860 
   1   H10        3.4850        0.3070        1.1880 
   1   H11        3.1040       -2.1940        1.2390 
   1   H12        4.7880       -1.1710       -1.0990 
   1   H13        5.3000       -1.2500        0.5830 
   1   H14        4.9700       -2.7290       -0.3010 
   1   H15        2.2850       -1.8450       -1.6980 
   1   H16        2.5750       -3.3820       -0.8910 
   1   H17        1.2240       -2.3800       -0.4000 

